# list of object assets to load in this scene
[ASSETS]
mario.txt
coin.txt
cloud.txt
brick.txt
questionblock.txt
goomba.txt
koopas.txt
fireplant.txt
paragoomba.txt
parakoopas.txt
fireball.txt
#
[OBJECTS]
# type	x	y	extra_settings per object type
# type: 0 = Mario , 1 = Brick, 2 = Goomba, 3 = Koopas, 4 = Coin,
5 = Platform, 6 = ColorBox, 7 = QuestionBlock, 8 = Pipe, 20 = Paragoomba,
9 = FirePlant, 30 = Parakoopas
# See OBJECT_TYPE constants in AssetIDs.h

# MARIO
#0	120	100
0	1000	100
# BRICK
1	1952	400
1	1968	400
1	1968	384
1	1984	400
1	1984	384
1	1984	368
1	2000	400
1	2000	384
1	2000	368
1	2016	400
1	2016	384
1	2016	368
1	2032	400
1	2032	384
1	2032	368
1	2048	400
1	2096	400
1	2096	384
1	2112	400

# GOOMBA
2	224	400
2	528	400
2	832	384
2	880	384

# PARAGOOMBA
20	944	382

# KOOPAS
3	577	360

# PARAKOOPAS
30	1328	293
30	1376	293
30	1424	293

# COIN
4	1072	320
4	1104	288
4	1136	256
4	1168	224
4	1200	192
4	1328	80
4	1344	80
4	1360	80
4	1472	112
4	1488	112
4	1536	128
4	1554	128
4	1570	128
4	1586	128
4	1616	112
4	1632	112
4	1648	112
4	1664	112
4	1696	144
4	1728	112
4	1760	128
4	1808	96
4	1840	128
# PLATFORM
5	0	416	16	16	39
5	624	400	16	16	29
5	624	416	16	16	29
5	1152	416	16	16	22
5	1536	416	16	16	5
5	1664	416	16	16	36
5	2256	416	16	16	35

5	1504	336	16	16	2
5	1600	368	16	16	1
5	1584	384	16	16	2
5	1568	400	16	16	3
5	1664	400	16	16	3
5	1664	384	16	16	2
5	1664	368	16	16	1
5	2256	304	16	16	2
5	2256	368	16	16	2

# COLORBOX
6	240	368	16	16	3
6	272	336	16	16	3
6	400	368	16	16	5
6	464	336	16	16	4
6	512	304	16	16	4
6	512	384	16	16	6
6	1264	384	16	16	7
6	1296	352	16	16	7
6	1328	320	16	16	7
6	1312	144	16	16	4
6	2144	368	16	16	3
6	2176	272	16	16	3

# QUESTIONBLOCK
7	176	352
7	192	352
7	224	304
7	240	304
7	416	320
7	656	384
7	704	352
7	1440	128
7	1472	368

# PIPE
8	352	368	16	16	2	3
8	1792	384	16	16	2	2
8	1856	368	16	16	2	3
8	2256	112	16	16	2	12
8	2256	384	16	16	2	2
8	2320	384	16	16	2	2

# FIREPLANT
9	360	336
# Portal 
#50	200	160	216	180	1

